| 415 | 123 |
| 409 | 129 |
| 403 | 135 |
| 406 | 132 |
| 400 | 138 |
| 394 | 144 |
| 405 | 133 |
| 399 | 139 |
| 393 | 145 |
| 396 | 142 |
| 390 | 148 |
| 384 | 154 |
| 395 | 143 |
| 389 | 149 |
| 383 | 155 |
| 386 | 152 |
| 380 | 158 |
| 374 | 164 |
| 404 | 134 |
| 398 | 140 |
| 392 | 146 |
| 388 | 150 |
| 382 | 156 |
| 385 | 153 |
| 379 | 159 |
| 373 | 165 |
| 378 | 160 |
| 372 | 166 |
| 375 | 163 |
| 369 | 169 |
| 363 | 175 |
| 391 | 147 |
| 381 | 157 |
| 368 | 170 |
| 371 | 167 |
| 365 | 173 |
| 359 | 179 |
| 377 | 161 |
| 367 | 171 |
| 370 | 168 |
| 364 | 174 |
| 358 | 180 |
| 357 | 181 |
| 360 | 178 |
| 354 | 184 |
| 348 | 190 |
| 387 | 151 |
| 376 | 162 |
| 366 | 172 |
| 362 | 176 |
| 356 | 182 |
| 353 | 185 |
| 347 | 191 |
| 352 | 186 |
| 355 | 183 |
| 349 | 189 |
| 343 | 195 |
| 361 | 177 |
| 351 | 187 |
| 342 | 196 |
| 341 | 197 |
| 344 | 194 |
| 338 | 200 |
| 332 | 206 |
| 350 | 188 |
| 346 | 192 |
| 340 | 198 |
| 337 | 201 |
| 331 | 207 |
| 336 | 202 |
| 339 | 199 |
| 333 | 205 |
| 327 | 211 |
| 345 | 193 |
| 335 | 203 |
| 326 | 212 |
| 325 | 213 |
| 328 | 210 |
| 322 | 216 |
| 316 | 222 |
| 397 | 141 |
| 330 | 208 |
| 329 | 209 |
| 334 | 204 |
| 324 | 214 |
| 323 | 215 |
| 320 | 218 |
| 314 | 224 |
| 319 | 219 |
| 313 | 225 |
| 318 | 220 |
| 321 | 217 |
| 315 | 223 |
| 309 | 229 |
| 317 | 221 |
| 308 | 230 |
| 307 | 231 |
| 310 | 228 |
| 304 | 234 |
| 298 | 240 |
| 312 | 226 |
| 311 | 227 |
| 306 | 232 |
| 305 | 233 |
| 302 | 236 |
| 296 | 242 |
| 303 | 235 |
| 300 | 238 |
| 294 | 244 |
| 299 | 239 |
| 293 | 245 |
| 301 | 237 |
| 295 | 243 |
| 289 | 249 |
| 297 | 241 |
| 288 | 250 |
| 287 | 251 |
| 290 | 248 |
| 284 | 254 |
| 278 | 260 |
| 291 | 247 |
| 285 | 253 |
| 292 | 246 |
| 286 | 252 |
| 280 | 258 |
| 279 | 259 |
| 281 | 257 |
| 275 | 263 |
| 269 | 269 |
| 283 | 255 |
| 282 | 256 |
| 277 | 261 |
| 276 | 262 |
| 273 | 265 |
| 267 | 271 |
| 274 | 264 |
| 271 | 267 |
| 265 | 273 |
| 270 | 268 |
| 264 | 274 |
| 272 | 266 |
| 266 | 272 |
| 260 | 278 |
| 268 | 270 |
| 259 | 279 |
| 258 | 280 |
| 261 | 277 |
| 255 | 283 |
| 249 | 289 |
| 262 | 276 |
| 256 | 282 |
| 263 | 275 |
| 257 | 281 |
| 251 | 287 |
| 250 | 288 |
| 252 | 286 |
| 246 | 292 |
| 240 | 298 |
| 253 | 285 |
| 247 | 291 |
| 254 | 284 |
| 248 | 290 |
| 242 | 296 |
| 241 | 297 |
| 243 | 295 |
| 237 | 301 |
| 231 | 307 |
| 245 | 293 |
| 244 | 294 |
| 239 | 299 |
| 238 | 300 |
| 235 | 303 |
| 229 | 309 |
| 236 | 302 |
| 233 | 305 |
| 227 | 311 |
| 232 | 306 |
| 226 | 312 |
| 234 | 304 |
| 228 | 310 |
| 222 | 316 |
| 230 | 308 |
| 221 | 317 |
| 220 | 318 |
| 223 | 315 |
| 217 | 321 |
| 211 | 327 |
